[(706.0, 1677.0), (706.0, 1678.0), (705.0, 1679.0), (705.0, 1680.0), (705.0, 1681.0), (704.0, 1682.0), (704.0, 1683.0), (707.0, 1684.0), (709.0, 1686.0), (710.0, 1685.0), (711.0, 1684.0), (712.0, 1683.0), (713.0, 1682.0), (714.0, 1682.0), (715.0, 1682.0), (716.0, 1682.0), (717.0, 1682.0), (718.0, 1682.0), (719.0, 1682.0), (720.0, 1682.0), (721.0, 1681.0), (717.0, 1673.0), (708.0, 1671.0), (707.0, 1672.0), (707.0, 1673.0), (707.0, 1674.0), (707.0, 1675.0), (707.0, 1676.0), (706.0, 1677.0)]
[(700.0, 1689.0), (699.0, 1690.0), (698.0, 1691.0), (697.0, 1692.0), (696.0, 1693.0), (695.0, 1694.0), (695.0, 1695.0), (701.0, 1699.0), (709.0, 1698.0), (709.0, 1697.0), (709.0, 1696.0), (709.0, 1695.0), (709.0, 1694.0), (709.0, 1693.0), (709.0, 1692.0), (709.0, 1691.0), (709.0, 1690.0), (709.0, 1689.0), (709.0, 1688.0), (709.0, 1687.0), (709.0, 1686.0), (707.0, 1684.0), (704.0, 1683.0), (704.0, 1684.0), (704.0, 1685.0), (703.0, 1686.0), (702.0, 1687.0), (701.0, 1688.0), (700.0, 1689.0)]
[(693.0, 1706.0), (693.0, 1707.0), (693.0, 1708.0), (693.0, 1709.0), (693.0, 1710.0), (693.0, 1711.0), (693.0, 1712.0), (693.0, 1713.0), (693.0, 1714.0), (701.0, 1715.0), (706.0, 1721.0), (707.0, 1720.0), (708.0, 1719.0), (709.0, 1718.0), (710.0, 1717.0), (711.0, 1716.0), (711.0, 1715.0), (711.0, 1714.0), (712.0, 1713.0), (712.0, 1712.0), (712.0, 1711.0), (712.0, 1710.0), (713.0, 1709.0), (714.0, 1708.0), (714.0, 1707.0), (715.0, 1706.0), (716.0, 1705.0), (715.0, 1704.0), (714.0, 1704.0), (713.0, 1704.0), (712.0, 1703.0), (711.0, 1702.0), (710.0, 1701.0), (709.0, 1700.0), (709.0, 1699.0), (709.0, 1698.0), (701.0, 1699.0), (694.0, 1699.0), (694.0, 1700.0), (693.0, 1701.0), (692.0, 1702.0), (692.0, 1703.0), (693.0, 1704.0), (693.0, 1705.0), (693.0, 1706.0)]
[(689.0, 1719.0), (688.0, 1720.0), (688.0, 1721.0), (689.0, 1722.0), (689.0, 1723.0), (689.0, 1724.0), (690.0, 1725.0), (698.0, 1726.0), (706.0, 1725.0), (706.0, 1724.0), (706.0, 1723.0), (706.0, 1722.0), (706.0, 1721.0), (701.0, 1715.0), (693.0, 1714.0), (693.0, 1715.0), (692.0, 1716.0), (691.0, 1717.0), (690.0, 1718.0), (689.0, 1719.0)]
[(690.0, 1731.0), (690.0, 1732.0), (690.0, 1733.0), (690.0, 1734.0), (691.0, 1735.0), (691.0, 1736.0), (691.0, 1737.0), (699.0, 1738.0), (706.0, 1735.0), (706.0, 1734.0), (706.0, 1733.0), (706.0, 1732.0), (706.0, 1731.0), (706.0, 1730.0), (706.0, 1729.0), (706.0, 1728.0), (706.0, 1727.0), (706.0, 1726.0), (706.0, 1725.0), (698.0, 1726.0), (690.0, 1725.0), (690.0, 1726.0), (690.0, 1727.0), (690.0, 1728.0), (690.0, 1729.0), (690.0, 1730.0), (690.0, 1731.0)]
[(689.0, 1747.0), (690.0, 1748.0), (691.0, 1748.0), (692.0, 1748.0), (693.0, 1749.0), (694.0, 1750.0), (695.0, 1751.0), (696.0, 1752.0), (697.0, 1753.0), (698.0, 1754.0), (699.0, 1755.0), (715.0, 1754.0), (714.0, 1739.0), (713.0, 1739.0), (712.0, 1739.0), (711.0, 1739.0), (710.0, 1739.0), (709.0, 1738.0), (708.0, 1737.0), (707.0, 1736.0), (706.0, 1735.0), (699.0, 1738.0), (691.0, 1737.0), (691.0, 1738.0), (691.0, 1739.0), (691.0, 1740.0), (691.0, 1741.0), (691.0, 1742.0), (691.0, 1743.0), (691.0, 1744.0), (691.0, 1745.0), (690.0, 1746.0), (689.0, 1747.0)]
[(699.0, 1763.0), (699.0, 1764.0), (699.0, 1765.0), (699.0, 1766.0), (699.0, 1767.0), (699.0, 1768.0), (699.0, 1769.0), (699.0, 1770.0), (699.0, 1771.0), (716.0, 1772.0), (732.0, 1777.0), (733.0, 1776.0), (734.0, 1775.0), (734.0, 1774.0), (734.0, 1773.0), (734.0, 1772.0), (734.0, 1771.0), (734.0, 1770.0), (734.0, 1769.0), (734.0, 1768.0), (734.0, 1767.0), (734.0, 1766.0), (734.0, 1765.0), (734.0, 1764.0), (734.0, 1763.0), (734.0, 1762.0), (734.0, 1761.0), (734.0, 1760.0), (735.0, 1759.0), (735.0, 1758.0), (735.0, 1757.0), (734.0, 1756.0), (734.0, 1755.0), (734.0, 1754.0), (734.0, 1753.0), (733.0, 1752.0), (732.0, 1751.0), (731.0, 1750.0), (730.0, 1749.0), (729.0, 1748.0), (715.0, 1754.0), (699.0, 1755.0), (699.0, 1756.0), (699.0, 1757.0), (699.0, 1758.0), (699.0, 1759.0), (699.0, 1760.0), (699.0, 1761.0), (699.0, 1762.0), (699.0, 1763.0)]
[(694.0, 1789.0), (695.0, 1790.0), (696.0, 1790.0), (697.0, 1790.0), (698.0, 1790.0), (699.0, 1790.0), (700.0, 1789.0), (701.0, 1788.0), (702.0, 1788.0), (703.0, 1788.0), (704.0, 1788.0), (705.0, 1788.0), (706.0, 1788.0), (707.0, 1788.0), (708.0, 1788.0), (709.0, 1788.0), (710.0, 1788.0), (711.0, 1788.0), (712.0, 1788.0), (716.0, 1772.0), (699.0, 1771.0), (699.0, 1772.0), (699.0, 1773.0), (699.0, 1774.0), (699.0, 1775.0), (699.0, 1776.0), (699.0, 1777.0), (698.0, 1778.0), (698.0, 1779.0), (698.0, 1780.0), (698.0, 1781.0), (698.0, 1782.0), (698.0, 1783.0), (697.0, 1784.0), (696.0, 1785.0), (695.0, 1786.0), (694.0, 1787.0), (694.0, 1788.0), (694.0, 1789.0)]
[(728.0, 1789.0), (729.0, 1789.0), (730.0, 1789.0), (731.0, 1789.0), (732.0, 1788.0), (732.0, 1787.0), (732.0, 1786.0), (732.0, 1785.0), (732.0, 1784.0), (732.0, 1783.0), (732.0, 1782.0), (732.0, 1781.0), (732.0, 1780.0), (732.0, 1779.0), (732.0, 1778.0), (732.0, 1777.0), (716.0, 1772.0), (712.0, 1788.0), (713.0, 1789.0), (714.0, 1790.0), (715.0, 1791.0), (716.0, 1792.0), (717.0, 1793.0), (718.0, 1793.0), (719.0, 1793.0), (720.0, 1792.0), (721.0, 1791.0), (722.0, 1790.0), (723.0, 1790.0), (724.0, 1789.0), (725.0, 1789.0), (726.0, 1789.0), (727.0, 1789.0), (728.0, 1789.0)]
[(728.0, 1732.0), (727.0, 1731.0), (726.0, 1731.0), (725.0, 1732.0), (725.0, 1733.0), (725.0, 1734.0), (724.0, 1735.0), (723.0, 1736.0), (722.0, 1737.0), (721.0, 1738.0), (720.0, 1739.0), (719.0, 1739.0), (718.0, 1739.0), (717.0, 1739.0), (716.0, 1739.0), (715.0, 1739.0), (714.0, 1739.0), (715.0, 1754.0), (729.0, 1748.0), (729.0, 1747.0), (729.0, 1746.0), (729.0, 1745.0), (729.0, 1744.0), (729.0, 1743.0), (729.0, 1742.0), (729.0, 1741.0), (729.0, 1740.0), (729.0, 1739.0), (728.0, 1738.0), (728.0, 1737.0), (728.0, 1736.0), (728.0, 1735.0), (728.0, 1734.0), (728.0, 1733.0), (728.0, 1732.0)]
[(711.0, 1661.0), (710.0, 1662.0), (709.0, 1663.0), (708.0, 1664.0), (708.0, 1665.0), (708.0, 1666.0), (708.0, 1667.0), (708.0, 1668.0), (708.0, 1669.0), (708.0, 1670.0), (708.0, 1671.0), (717.0, 1673.0), (721.0, 1664.0), (720.0, 1663.0), (719.0, 1662.0), (718.0, 1661.0), (717.0, 1660.0), (717.0, 1659.0), (716.0, 1658.0), (715.0, 1658.0), (714.0, 1658.0), (713.0, 1659.0), (712.0, 1660.0), (711.0, 1661.0)]
[(732.0, 1673.0), (732.0, 1672.0), (732.0, 1671.0), (732.0, 1670.0), (732.0, 1669.0), (732.0, 1668.0), (732.0, 1667.0), (731.0, 1666.0), (730.0, 1666.0), (729.0, 1665.0), (728.0, 1664.0), (727.0, 1664.0), (726.0, 1664.0), (725.0, 1664.0), (724.0, 1664.0), (723.0, 1664.0), (722.0, 1664.0), (721.0, 1664.0), (717.0, 1673.0), (721.0, 1681.0), (722.0, 1681.0), (723.0, 1681.0), (724.0, 1681.0), (725.0, 1681.0), (726.0, 1681.0), (727.0, 1681.0), (728.0, 1681.0), (729.0, 1681.0), (730.0, 1680.0), (731.0, 1680.0), (732.0, 1679.0), (733.0, 1678.0), (733.0, 1677.0), (733.0, 1676.0), (732.0, 1675.0), (732.0, 1674.0), (732.0, 1673.0)]
