[(1514.0, 1653.0), (1513.0, 1654.0), (1512.0, 1654.0), (1511.0, 1655.0), (1510.0, 1656.0), (1510.0, 1657.0), (1511.0, 1658.0), (1512.0, 1659.0), (1513.0, 1660.0), (1514.0, 1661.0), (1515.0, 1662.0), (1515.0, 1663.0), (1515.0, 1664.0), (1515.0, 1665.0), (1515.0, 1666.0), (1516.0, 1667.0), (1517.0, 1668.0), (1518.0, 1669.0), (1519.0, 1670.0), (1520.0, 1671.0), (1538.0, 1666.0), (1533.0, 1647.0), (1532.0, 1647.0), (1531.0, 1647.0), (1530.0, 1647.0), (1529.0, 1647.0), (1528.0, 1647.0), (1527.0, 1647.0), (1526.0, 1647.0), (1525.0, 1647.0), (1524.0, 1647.0), (1523.0, 1647.0), (1522.0, 1647.0), (1521.0, 1647.0), (1520.0, 1647.0), (1519.0, 1647.0), (1518.0, 1648.0), (1518.0, 1649.0), (1517.0, 1650.0), (1516.0, 1651.0), (1515.0, 1652.0), (1514.0, 1653.0)]
[(1520.0, 1676.0), (1520.0, 1677.0), (1520.0, 1678.0), (1520.0, 1679.0), (1520.0, 1680.0), (1520.0, 1681.0), (1520.0, 1682.0), (1533.0, 1691.0), (1549.0, 1690.0), (1549.0, 1689.0), (1549.0, 1688.0), (1549.0, 1687.0), (1550.0, 1686.0), (1551.0, 1685.0), (1552.0, 1684.0), (1553.0, 1683.0), (1553.0, 1682.0), (1553.0, 1681.0), (1553.0, 1680.0), (1553.0, 1679.0), (1553.0, 1678.0), (1538.0, 1666.0), (1520.0, 1671.0), (1520.0, 1672.0), (1520.0, 1673.0), (1520.0, 1674.0), (1520.0, 1675.0), (1520.0, 1676.0)]
[(1512.0, 1693.0), (1512.0, 1694.0), (1513.0, 1695.0), (1514.0, 1696.0), (1514.0, 1697.0), (1514.0, 1698.0), (1514.0, 1699.0), (1514.0, 1700.0), (1514.0, 1701.0), (1514.0, 1702.0), (1514.0, 1703.0), (1514.0, 1704.0), (1514.0, 1705.0), (1519.0, 1706.0), (1522.0, 1710.0), (1523.0, 1709.0), (1524.0, 1709.0), (1525.0, 1709.0), (1526.0, 1709.0), (1527.0, 1709.0), (1528.0, 1709.0), (1529.0, 1709.0), (1530.0, 1708.0), (1531.0, 1707.0), (1532.0, 1707.0), (1533.0, 1691.0), (1520.0, 1682.0), (1519.0, 1683.0), (1518.0, 1684.0), (1517.0, 1685.0), (1516.0, 1686.0), (1515.0, 1687.0), (1514.0, 1688.0), (1513.0, 1689.0), (1512.0, 1690.0), (1512.0, 1691.0), (1512.0, 1692.0), (1512.0, 1693.0)]
[(1512.0, 1707.0), (1511.0, 1708.0), (1510.0, 1709.0), (1509.0, 1710.0), (1512.0, 1715.0), (1515.0, 1719.0), (1516.0, 1719.0), (1517.0, 1718.0), (1518.0, 1717.0), (1518.0, 1716.0), (1519.0, 1715.0), (1519.0, 1714.0), (1519.0, 1713.0), (1520.0, 1712.0), (1521.0, 1711.0), (1522.0, 1710.0), (1519.0, 1706.0), (1514.0, 1705.0), (1513.0, 1706.0), (1512.0, 1707.0)]
[(1498.0, 1712.0), (1498.0, 1713.0), (1497.0, 1714.0), (1497.0, 1715.0), (1497.0, 1716.0), (1497.0, 1717.0), (1497.0, 1718.0), (1497.0, 1719.0), (1497.0, 1720.0), (1497.0, 1721.0), (1497.0, 1722.0), (1497.0, 1723.0), (1497.0, 1724.0), (1503.0, 1728.0), (1511.0, 1727.0), (1511.0, 1726.0), (1511.0, 1725.0), (1511.0, 1724.0), (1511.0, 1723.0), (1512.0, 1722.0), (1513.0, 1721.0), (1514.0, 1720.0), (1515.0, 1719.0), (1512.0, 1715.0), (1509.0, 1710.0), (1508.0, 1710.0), (1507.0, 1710.0), (1506.0, 1710.0), (1505.0, 1710.0), (1504.0, 1710.0), (1503.0, 1710.0), (1502.0, 1710.0), (1501.0, 1710.0), (1500.0, 1710.0), (1499.0, 1710.0), (1498.0, 1711.0), (1498.0, 1712.0)]
[(1490.0, 1736.0), (1491.0, 1737.0), (1492.0, 1737.0), (1493.0, 1736.0), (1494.0, 1736.0), (1495.0, 1736.0), (1496.0, 1736.0), (1497.0, 1736.0), (1498.0, 1736.0), (1499.0, 1736.0), (1500.0, 1736.0), (1501.0, 1736.0), (1502.0, 1736.0), (1503.0, 1728.0), (1497.0, 1724.0), (1496.0, 1725.0), (1495.0, 1726.0), (1494.0, 1727.0), (1493.0, 1728.0), (1492.0, 1729.0), (1491.0, 1730.0), (1490.0, 1731.0), (1489.0, 1731.0), (1488.0, 1732.0), (1488.0, 1733.0), (1488.0, 1734.0), (1489.0, 1735.0), (1490.0, 1736.0)]
[(1539.0, 1707.0), (1540.0, 1707.0), (1541.0, 1707.0), (1542.0, 1708.0), (1543.0, 1709.0), (1544.0, 1710.0), (1545.0, 1710.0), (1546.0, 1710.0), (1546.0, 1704.0), (1549.0, 1699.0), (1549.0, 1698.0), (1549.0, 1697.0), (1549.0, 1696.0), (1549.0, 1695.0), (1549.0, 1694.0), (1549.0, 1693.0), (1549.0, 1692.0), (1549.0, 1691.0), (1549.0, 1690.0), (1533.0, 1691.0), (1532.0, 1707.0), (1533.0, 1707.0), (1534.0, 1707.0), (1535.0, 1707.0), (1536.0, 1707.0), (1537.0, 1707.0), (1538.0, 1707.0), (1539.0, 1707.0)]
[(1558.0, 1710.0), (1558.0, 1709.0), (1557.0, 1708.0), (1556.0, 1707.0), (1556.0, 1706.0), (1555.0, 1705.0), (1554.0, 1704.0), (1553.0, 1703.0), (1552.0, 1702.0), (1551.0, 1701.0), (1550.0, 1700.0), (1549.0, 1699.0), (1546.0, 1704.0), (1546.0, 1710.0), (1547.0, 1711.0), (1548.0, 1711.0), (1549.0, 1712.0), (1550.0, 1712.0), (1551.0, 1712.0), (1552.0, 1712.0), (1553.0, 1712.0), (1554.0, 1712.0), (1555.0, 1712.0), (1556.0, 1712.0), (1557.0, 1711.0), (1558.0, 1710.0)]
[(1543.0, 1644.0), (1542.0, 1644.0), (1541.0, 1644.0), (1540.0, 1644.0), (1539.0, 1644.0), (1538.0, 1644.0), (1537.0, 1644.0), (1536.0, 1644.0), (1535.0, 1645.0), (1534.0, 1646.0), (1533.0, 1647.0), (1542.0, 1663.0), (1553.0, 1649.0), (1552.0, 1648.0), (1551.0, 1647.0), (1550.0, 1646.0), (1549.0, 1645.0), (1548.0, 1644.0), (1547.0, 1644.0), (1546.0, 1643.0), (1545.0, 1642.0), (1544.0, 1643.0), (1543.0, 1644.0)]
[(1567.0, 1663.0), (1566.0, 1662.0), (1565.0, 1662.0), (1564.0, 1661.0), (1563.0, 1660.0), (1562.0, 1659.0), (1561.0, 1658.0), (1561.0, 1657.0), (1561.0, 1656.0), (1561.0, 1655.0), (1561.0, 1654.0), (1560.0, 1653.0), (1560.0, 1652.0), (1559.0, 1651.0), (1558.0, 1650.0), (1557.0, 1649.0), (1556.0, 1649.0), (1555.0, 1649.0), (1554.0, 1649.0), (1553.0, 1649.0), (1542.0, 1663.0), (1554.0, 1677.0), (1555.0, 1676.0), (1556.0, 1675.0), (1557.0, 1674.0), (1558.0, 1674.0), (1559.0, 1674.0), (1560.0, 1674.0), (1561.0, 1674.0), (1562.0, 1673.0), (1563.0, 1673.0), (1564.0, 1673.0), (1565.0, 1672.0), (1566.0, 1671.0), (1566.0, 1670.0), (1566.0, 1669.0), (1566.0, 1668.0), (1567.0, 1667.0), (1567.0, 1666.0), (1567.0, 1665.0), (1567.0, 1664.0), (1567.0, 1663.0)]
