[(1808.0, 1704.0), (1808.0, 1705.0), (1807.0, 1706.0), (1806.0, 1707.0), (1805.0, 1708.0), (1804.0, 1709.0), (1803.0, 1710.0), (1802.0, 1711.0), (1801.0, 1712.0), (1800.0, 1713.0), (1799.0, 1714.0), (1799.0, 1715.0), (1799.0, 1716.0), (1799.0, 1717.0), (1809.0, 1722.0), (1815.0, 1714.0), (1815.0, 1713.0), (1815.0, 1712.0), (1815.0, 1711.0), (1815.0, 1710.0), (1815.0, 1709.0), (1815.0, 1708.0), (1815.0, 1707.0), (1814.0, 1706.0), (1813.0, 1706.0), (1812.0, 1706.0), (1811.0, 1705.0), (1810.0, 1704.0), (1809.0, 1703.0), (1808.0, 1704.0)]
[(1791.0, 1725.0), (1791.0, 1726.0), (1791.0, 1727.0), (1791.0, 1728.0), (1791.0, 1729.0), (1791.0, 1730.0), (1791.0, 1731.0), (1791.0, 1732.0), (1791.0, 1733.0), (1790.0, 1734.0), (1798.0, 1743.0), (1810.0, 1742.0), (1810.0, 1741.0), (1810.0, 1740.0), (1810.0, 1739.0), (1810.0, 1738.0), (1810.0, 1737.0), (1810.0, 1736.0), (1811.0, 1735.0), (1812.0, 1734.0), (1813.0, 1733.0), (1814.0, 1732.0), (1815.0, 1731.0), (1816.0, 1730.0), (1809.0, 1722.0), (1799.0, 1717.0), (1798.0, 1718.0), (1797.0, 1719.0), (1796.0, 1720.0), (1795.0, 1721.0), (1794.0, 1722.0), (1793.0, 1723.0), (1792.0, 1723.0), (1791.0, 1724.0), (1791.0, 1725.0)]
[(1784.0, 1739.0), (1783.0, 1739.0), (1782.0, 1739.0), (1781.0, 1739.0), (1780.0, 1739.0), (1779.0, 1739.0), (1778.0, 1739.0), (1779.0, 1748.0), (1778.0, 1757.0), (1779.0, 1757.0), (1780.0, 1757.0), (1781.0, 1758.0), (1782.0, 1759.0), (1783.0, 1760.0), (1784.0, 1761.0), (1785.0, 1762.0), (1785.0, 1763.0), (1786.0, 1764.0), (1787.0, 1764.0), (1788.0, 1764.0), (1789.0, 1764.0), (1790.0, 1763.0), (1791.0, 1762.0), (1792.0, 1761.0), (1793.0, 1760.0), (1794.0, 1759.0), (1795.0, 1759.0), (1796.0, 1759.0), (1797.0, 1758.0), (1798.0, 1757.0), (1799.0, 1757.0), (1800.0, 1757.0), (1801.0, 1756.0), (1802.0, 1755.0), (1798.0, 1743.0), (1790.0, 1734.0), (1789.0, 1735.0), (1788.0, 1736.0), (1787.0, 1737.0), (1786.0, 1738.0), (1785.0, 1739.0), (1784.0, 1739.0)]
[(1774.0, 1739.0), (1773.0, 1738.0), (1772.0, 1737.0), (1771.0, 1736.0), (1770.0, 1735.0), (1760.0, 1745.0), (1768.0, 1757.0), (1769.0, 1757.0), (1770.0, 1757.0), (1771.0, 1757.0), (1772.0, 1757.0), (1773.0, 1757.0), (1774.0, 1757.0), (1775.0, 1757.0), (1776.0, 1757.0), (1777.0, 1757.0), (1778.0, 1757.0), (1779.0, 1748.0), (1778.0, 1739.0), (1777.0, 1739.0), (1776.0, 1739.0), (1775.0, 1739.0), (1774.0, 1739.0)]
[(1770.0, 1733.0), (1770.0, 1732.0), (1770.0, 1731.0), (1758.0, 1731.0), (1746.0, 1731.0), (1746.0, 1732.0), (1746.0, 1733.0), (1745.0, 1734.0), (1745.0, 1735.0), (1745.0, 1736.0), (1745.0, 1737.0), (1745.0, 1738.0), (1745.0, 1739.0), (1745.0, 1740.0), (1745.0, 1741.0), (1745.0, 1742.0), (1745.0, 1743.0), (1745.0, 1744.0), (1760.0, 1745.0), (1770.0, 1735.0), (1770.0, 1734.0), (1770.0, 1733.0)]
[(1746.0, 1722.0), (1746.0, 1723.0), (1746.0, 1724.0), (1746.0, 1725.0), (1746.0, 1726.0), (1746.0, 1727.0), (1746.0, 1728.0), (1746.0, 1729.0), (1746.0, 1730.0), (1746.0, 1731.0), (1758.0, 1731.0), (1755.0, 1720.0), (1754.0, 1720.0), (1753.0, 1720.0), (1752.0, 1720.0), (1751.0, 1720.0), (1750.0, 1720.0), (1749.0, 1720.0), (1748.0, 1720.0), (1747.0, 1720.0), (1746.0, 1721.0), (1746.0, 1722.0)]
[(1770.0, 1718.0), (1769.0, 1718.0), (1768.0, 1718.0), (1767.0, 1718.0), (1766.0, 1718.0), (1765.0, 1718.0), (1764.0, 1718.0), (1763.0, 1718.0), (1762.0, 1718.0), (1761.0, 1718.0), (1760.0, 1718.0), (1759.0, 1717.0), (1758.0, 1718.0), (1757.0, 1718.0), (1756.0, 1719.0), (1755.0, 1720.0), (1758.0, 1731.0), (1770.0, 1731.0), (1770.0, 1730.0), (1770.0, 1729.0), (1770.0, 1728.0), (1770.0, 1727.0), (1770.0, 1726.0), (1770.0, 1725.0), (1770.0, 1724.0), (1771.0, 1723.0), (1772.0, 1722.0), (1773.0, 1721.0), (1774.0, 1720.0), (1774.0, 1719.0), (1773.0, 1718.0), (1772.0, 1718.0), (1771.0, 1718.0), (1770.0, 1718.0)]
[(1743.0, 1749.0), (1743.0, 1750.0), (1742.0, 1751.0), (1742.0, 1752.0), (1742.0, 1753.0), (1742.0, 1754.0), (1749.0, 1760.0), (1755.0, 1767.0), (1756.0, 1767.0), (1757.0, 1767.0), (1758.0, 1767.0), (1759.0, 1767.0), (1760.0, 1767.0), (1761.0, 1767.0), (1762.0, 1766.0), (1762.0, 1765.0), (1762.0, 1764.0), (1763.0, 1763.0), (1763.0, 1762.0), (1764.0, 1761.0), (1765.0, 1760.0), (1766.0, 1759.0), (1767.0, 1758.0), (1768.0, 1757.0), (1760.0, 1745.0), (1745.0, 1744.0), (1745.0, 1745.0), (1745.0, 1746.0), (1744.0, 1747.0), (1744.0, 1748.0), (1743.0, 1749.0)]
[(1735.0, 1761.0), (1734.0, 1762.0), (1733.0, 1762.0), (1732.0, 1763.0), (1732.0, 1764.0), (1732.0, 1765.0), (1732.0, 1766.0), (1732.0, 1767.0), (1732.0, 1768.0), (1740.0, 1771.0), (1745.0, 1777.0), (1746.0, 1776.0), (1747.0, 1775.0), (1748.0, 1774.0), (1749.0, 1773.0), (1750.0, 1773.0), (1751.0, 1772.0), (1751.0, 1771.0), (1752.0, 1770.0), (1753.0, 1769.0), (1754.0, 1768.0), (1755.0, 1767.0), (1749.0, 1760.0), (1742.0, 1754.0), (1741.0, 1755.0), (1740.0, 1756.0), (1739.0, 1757.0), (1738.0, 1758.0), (1737.0, 1759.0), (1736.0, 1760.0), (1735.0, 1761.0)]
[(1727.0, 1773.0), (1726.0, 1773.0), (1725.0, 1774.0), (1725.0, 1775.0), (1725.0, 1776.0), (1725.0, 1777.0), (1725.0, 1778.0), (1732.0, 1782.0), (1733.0, 1790.0), (1734.0, 1790.0), (1735.0, 1790.0), (1736.0, 1789.0), (1737.0, 1788.0), (1738.0, 1787.0), (1739.0, 1786.0), (1740.0, 1785.0), (1740.0, 1784.0), (1741.0, 1783.0), (1742.0, 1782.0), (1743.0, 1781.0), (1744.0, 1780.0), (1744.0, 1779.0), (1745.0, 1778.0), (1745.0, 1777.0), (1740.0, 1771.0), (1732.0, 1768.0), (1731.0, 1769.0), (1730.0, 1770.0), (1729.0, 1771.0), (1728.0, 1772.0), (1727.0, 1773.0)]
[(1716.0, 1794.0), (1716.0, 1795.0), (1717.0, 1796.0), (1718.0, 1796.0), (1719.0, 1795.0), (1720.0, 1794.0), (1721.0, 1793.0), (1722.0, 1792.0), (1723.0, 1791.0), (1724.0, 1791.0), (1725.0, 1791.0), (1726.0, 1791.0), (1727.0, 1791.0), (1728.0, 1791.0), (1729.0, 1791.0), (1730.0, 1791.0), (1731.0, 1791.0), (1732.0, 1791.0), (1733.0, 1790.0), (1732.0, 1782.0), (1725.0, 1778.0), (1724.0, 1779.0), (1723.0, 1780.0), (1722.0, 1781.0), (1721.0, 1782.0), (1720.0, 1783.0), (1719.0, 1783.0), (1718.0, 1783.0), (1717.0, 1784.0), (1716.0, 1785.0), (1716.0, 1786.0), (1716.0, 1787.0), (1716.0, 1788.0), (1716.0, 1789.0), (1716.0, 1790.0), (1716.0, 1791.0), (1716.0, 1792.0), (1716.0, 1793.0), (1716.0, 1794.0)]
[(1813.0, 1753.0), (1813.0, 1752.0), (1813.0, 1751.0), (1812.0, 1750.0), (1812.0, 1749.0), (1811.0, 1748.0), (1810.0, 1747.0), (1810.0, 1746.0), (1810.0, 1745.0), (1810.0, 1744.0), (1810.0, 1743.0), (1810.0, 1742.0), (1798.0, 1743.0), (1802.0, 1755.0), (1803.0, 1755.0), (1804.0, 1755.0), (1805.0, 1755.0), (1806.0, 1755.0), (1807.0, 1755.0), (1808.0, 1755.0), (1809.0, 1755.0), (1810.0, 1755.0), (1811.0, 1755.0), (1812.0, 1754.0), (1813.0, 1753.0)]
[(1828.0, 1720.0), (1828.0, 1719.0), (1827.0, 1718.0), (1826.0, 1718.0), (1825.0, 1718.0), (1824.0, 1718.0), (1823.0, 1718.0), (1822.0, 1718.0), (1821.0, 1718.0), (1820.0, 1718.0), (1819.0, 1718.0), (1818.0, 1717.0), (1817.0, 1716.0), (1816.0, 1715.0), (1815.0, 1714.0), (1809.0, 1722.0), (1816.0, 1730.0), (1817.0, 1729.0), (1818.0, 1729.0), (1819.0, 1729.0), (1820.0, 1729.0), (1821.0, 1729.0), (1822.0, 1728.0), (1823.0, 1727.0), (1824.0, 1726.0), (1824.0, 1725.0), (1825.0, 1724.0), (1826.0, 1723.0), (1826.0, 1722.0), (1827.0, 1721.0), (1828.0, 1720.0)]
