[(621.0, 2673.0), (620.0, 2674.0), (619.0, 2675.0), (618.0, 2676.0), (617.0, 2676.0), (616.0, 2676.0), (615.0, 2676.0), (614.0, 2677.0), (613.0, 2678.0), (618.0, 2683.0), (622.0, 2688.0), (623.0, 2687.0), (624.0, 2686.0), (625.0, 2686.0), (626.0, 2686.0), (627.0, 2686.0), (628.0, 2686.0), (629.0, 2686.0), (630.0, 2686.0), (631.0, 2686.0), (632.0, 2686.0), (633.0, 2686.0), (634.0, 2686.0), (635.0, 2686.0), (637.0, 2674.0), (626.0, 2666.0), (625.0, 2667.0), (624.0, 2668.0), (623.0, 2669.0), (623.0, 2670.0), (623.0, 2671.0), (622.0, 2672.0), (621.0, 2673.0)]
[(609.0, 2681.0), (608.0, 2682.0), (607.0, 2683.0), (606.0, 2684.0), (605.0, 2685.0), (604.0, 2686.0), (605.0, 2690.0), (604.0, 2695.0), (605.0, 2695.0), (606.0, 2695.0), (607.0, 2694.0), (608.0, 2694.0), (609.0, 2694.0), (610.0, 2694.0), (611.0, 2694.0), (612.0, 2694.0), (613.0, 2694.0), (614.0, 2694.0), (615.0, 2694.0), (616.0, 2694.0), (617.0, 2694.0), (618.0, 2693.0), (619.0, 2692.0), (620.0, 2691.0), (620.0, 2690.0), (621.0, 2689.0), (622.0, 2688.0), (618.0, 2683.0), (613.0, 2678.0), (612.0, 2679.0), (611.0, 2680.0), (610.0, 2680.0), (609.0, 2681.0)]
[(592.0, 2690.0), (592.0, 2691.0), (592.0, 2692.0), (592.0, 2693.0), (592.0, 2694.0), (593.0, 2695.0), (594.0, 2696.0), (595.0, 2696.0), (596.0, 2697.0), (597.0, 2697.0), (598.0, 2696.0), (599.0, 2695.0), (600.0, 2695.0), (601.0, 2695.0), (602.0, 2695.0), (603.0, 2695.0), (604.0, 2695.0), (605.0, 2690.0), (604.0, 2686.0), (603.0, 2686.0), (602.0, 2686.0), (601.0, 2686.0), (600.0, 2686.0), (599.0, 2686.0), (598.0, 2686.0), (597.0, 2686.0), (596.0, 2686.0), (595.0, 2686.0), (594.0, 2686.0), (593.0, 2685.0), (592.0, 2686.0), (592.0, 2687.0), (592.0, 2688.0), (592.0, 2689.0), (592.0, 2690.0)]
[(644.0, 2654.0), (643.0, 2654.0), (642.0, 2654.0), (641.0, 2655.0), (640.0, 2655.0), (639.0, 2655.0), (638.0, 2655.0), (637.0, 2655.0), (636.0, 2655.0), (635.0, 2655.0), (634.0, 2656.0), (633.0, 2657.0), (632.0, 2658.0), (631.0, 2659.0), (630.0, 2660.0), (629.0, 2661.0), (628.0, 2662.0), (627.0, 2663.0), (626.0, 2664.0), (626.0, 2665.0), (626.0, 2666.0), (637.0, 2674.0), (649.0, 2671.0), (649.0, 2670.0), (649.0, 2669.0), (649.0, 2668.0), (649.0, 2667.0), (649.0, 2666.0), (649.0, 2665.0), (649.0, 2664.0), (649.0, 2663.0), (649.0, 2662.0), (649.0, 2661.0), (649.0, 2660.0), (649.0, 2659.0), (649.0, 2658.0), (649.0, 2657.0), (649.0, 2656.0), (648.0, 2655.0), (647.0, 2655.0), (646.0, 2654.0), (645.0, 2653.0), (644.0, 2654.0)]
[(641.0, 2688.0), (642.0, 2688.0), (643.0, 2688.0), (644.0, 2688.0), (645.0, 2688.0), (646.0, 2688.0), (647.0, 2688.0), (648.0, 2688.0), (650.0, 2682.0), (653.0, 2676.0), (652.0, 2675.0), (651.0, 2674.0), (650.0, 2673.0), (650.0, 2672.0), (649.0, 2671.0), (637.0, 2674.0), (635.0, 2686.0), (636.0, 2687.0), (637.0, 2687.0), (638.0, 2688.0), (639.0, 2688.0), (640.0, 2688.0), (641.0, 2688.0)]
[(650.0, 2690.0), (651.0, 2691.0), (652.0, 2692.0), (653.0, 2693.0), (662.0, 2688.0), (661.0, 2677.0), (660.0, 2677.0), (659.0, 2677.0), (658.0, 2677.0), (657.0, 2677.0), (656.0, 2677.0), (655.0, 2677.0), (654.0, 2677.0), (653.0, 2676.0), (650.0, 2682.0), (648.0, 2688.0), (649.0, 2689.0), (650.0, 2690.0)]
[(658.0, 2704.0), (659.0, 2703.0), (660.0, 2702.0), (661.0, 2701.0), (662.0, 2700.0), (663.0, 2699.0), (664.0, 2699.0), (665.0, 2698.0), (666.0, 2698.0), (667.0, 2698.0), (668.0, 2698.0), (669.0, 2697.0), (669.0, 2696.0), (670.0, 2695.0), (662.0, 2688.0), (653.0, 2693.0), (653.0, 2694.0), (653.0, 2695.0), (653.0, 2696.0), (653.0, 2697.0), (653.0, 2698.0), (653.0, 2699.0), (654.0, 2700.0), (654.0, 2701.0), (654.0, 2702.0), (654.0, 2703.0), (655.0, 2704.0), (656.0, 2705.0), (657.0, 2704.0), (658.0, 2704.0)]
[(672.0, 2693.0), (673.0, 2692.0), (674.0, 2692.0), (675.0, 2681.0), (668.0, 2673.0), (667.0, 2674.0), (666.0, 2675.0), (665.0, 2676.0), (664.0, 2677.0), (663.0, 2677.0), (662.0, 2677.0), (661.0, 2677.0), (662.0, 2688.0), (670.0, 2695.0), (671.0, 2694.0), (672.0, 2693.0)]
[(674.0, 2667.0), (673.0, 2667.0), (672.0, 2666.0), (671.0, 2667.0), (670.0, 2668.0), (669.0, 2669.0), (669.0, 2670.0), (669.0, 2671.0), (669.0, 2672.0), (668.0, 2673.0), (675.0, 2681.0), (681.0, 2673.0), (681.0, 2672.0), (681.0, 2671.0), (680.0, 2670.0), (679.0, 2669.0), (678.0, 2668.0), (677.0, 2668.0), (676.0, 2667.0), (675.0, 2667.0), (674.0, 2667.0)]
[(691.0, 2688.0), (691.0, 2687.0), (691.0, 2686.0), (691.0, 2685.0), (692.0, 2684.0), (693.0, 2683.0), (694.0, 2682.0), (695.0, 2681.0), (694.0, 2680.0), (693.0, 2680.0), (692.0, 2680.0), (691.0, 2679.0), (690.0, 2678.0), (689.0, 2677.0), (688.0, 2677.0), (687.0, 2677.0), (686.0, 2677.0), (685.0, 2677.0), (684.0, 2676.0), (683.0, 2675.0), (682.0, 2674.0), (681.0, 2673.0), (675.0, 2681.0), (674.0, 2692.0), (675.0, 2692.0), (676.0, 2692.0), (677.0, 2692.0), (678.0, 2692.0), (679.0, 2692.0), (680.0, 2692.0), (681.0, 2692.0), (682.0, 2692.0), (683.0, 2692.0), (684.0, 2692.0), (685.0, 2692.0), (686.0, 2692.0), (687.0, 2693.0), (688.0, 2694.0), (689.0, 2695.0), (690.0, 2694.0), (690.0, 2693.0), (691.0, 2692.0), (691.0, 2691.0), (691.0, 2690.0), (691.0, 2689.0), (691.0, 2688.0)]
