[(1944.0, 1218.0), (1943.0, 1219.0), (1942.0, 1220.0), (1943.0, 1233.0), (1956.0, 1235.0), (1957.0, 1234.0), (1958.0, 1233.0), (1959.0, 1232.0), (1959.0, 1231.0), (1952.0, 1225.0), (1945.0, 1218.0), (1944.0, 1218.0)]
[(1928.0, 1227.0), (1928.0, 1228.0), (1928.0, 1229.0), (1927.0, 1230.0), (1927.0, 1231.0), (1928.0, 1232.0), (1928.0, 1233.0), (1928.0, 1234.0), (1928.0, 1235.0), (1928.0, 1236.0), (1929.0, 1237.0), (1930.0, 1238.0), (1931.0, 1239.0), (1932.0, 1240.0), (1943.0, 1233.0), (1942.0, 1220.0), (1941.0, 1220.0), (1940.0, 1220.0), (1939.0, 1220.0), (1938.0, 1220.0), (1937.0, 1220.0), (1936.0, 1221.0), (1935.0, 1221.0), (1934.0, 1222.0), (1933.0, 1223.0), (1932.0, 1224.0), (1931.0, 1225.0), (1930.0, 1225.0), (1929.0, 1226.0), (1928.0, 1227.0)]
[(1933.0, 1246.0), (1934.0, 1247.0), (1934.0, 1248.0), (1934.0, 1249.0), (1935.0, 1250.0), (1935.0, 1251.0), (1936.0, 1252.0), (1937.0, 1253.0), (1945.0, 1251.0), (1953.0, 1252.0), (1954.0, 1251.0), (1955.0, 1250.0), (1956.0, 1249.0), (1956.0, 1248.0), (1956.0, 1247.0), (1956.0, 1246.0), (1956.0, 1245.0), (1956.0, 1244.0), (1956.0, 1243.0), (1956.0, 1242.0), (1956.0, 1241.0), (1956.0, 1240.0), (1956.0, 1239.0), (1956.0, 1238.0), (1956.0, 1237.0), (1956.0, 1236.0), (1956.0, 1235.0), (1943.0, 1233.0), (1932.0, 1240.0), (1932.0, 1241.0), (1932.0, 1242.0), (1932.0, 1243.0), (1932.0, 1244.0), (1933.0, 1245.0), (1933.0, 1246.0)]
[(1937.0, 1258.0), (1937.0, 1259.0), (1937.0, 1260.0), (1937.0, 1261.0), (1938.0, 1262.0), (1939.0, 1263.0), (1940.0, 1264.0), (1947.0, 1264.0), (1953.0, 1263.0), (1953.0, 1262.0), (1953.0, 1261.0), (1953.0, 1260.0), (1953.0, 1259.0), (1953.0, 1258.0), (1953.0, 1257.0), (1953.0, 1256.0), (1953.0, 1255.0), (1953.0, 1254.0), (1953.0, 1253.0), (1953.0, 1252.0), (1945.0, 1251.0), (1937.0, 1253.0), (1937.0, 1254.0), (1937.0, 1255.0), (1937.0, 1256.0), (1937.0, 1257.0), (1937.0, 1258.0)]
[(1940.0, 1269.0), (1940.0, 1270.0), (1940.0, 1271.0), (1940.0, 1272.0), (1940.0, 1273.0), (1940.0, 1274.0), (1951.0, 1280.0), (1959.0, 1270.0), (1958.0, 1269.0), (1957.0, 1268.0), (1956.0, 1267.0), (1955.0, 1266.0), (1954.0, 1265.0), (1953.0, 1264.0), (1953.0, 1263.0), (1947.0, 1264.0), (1940.0, 1264.0), (1940.0, 1265.0), (1940.0, 1266.0), (1940.0, 1267.0), (1940.0, 1268.0), (1940.0, 1269.0)]
[(1930.0, 1286.0), (1931.0, 1287.0), (1932.0, 1287.0), (1933.0, 1287.0), (1934.0, 1287.0), (1935.0, 1287.0), (1936.0, 1287.0), (1937.0, 1288.0), (1938.0, 1289.0), (1939.0, 1290.0), (1940.0, 1291.0), (1941.0, 1292.0), (1942.0, 1293.0), (1943.0, 1293.0), (1944.0, 1293.0), (1945.0, 1293.0), (1946.0, 1293.0), (1951.0, 1280.0), (1940.0, 1274.0), (1939.0, 1275.0), (1938.0, 1276.0), (1937.0, 1277.0), (1936.0, 1278.0), (1935.0, 1279.0), (1934.0, 1279.0), (1933.0, 1279.0), (1932.0, 1279.0), (1931.0, 1280.0), (1930.0, 1280.0), (1929.0, 1281.0), (1929.0, 1282.0), (1929.0, 1283.0), (1930.0, 1284.0), (1930.0, 1285.0), (1930.0, 1286.0)]
[(1946.0, 1293.0), (1947.0, 1294.0), (1957.0, 1286.0), (1966.0, 1276.0), (1965.0, 1275.0), (1964.0, 1274.0), (1963.0, 1273.0), (1962.0, 1272.0), (1961.0, 1271.0), (1960.0, 1271.0), (1959.0, 1270.0), (1951.0, 1280.0), (1946.0, 1293.0)]
[(1951.0, 1298.0), (1952.0, 1299.0), (1953.0, 1300.0), (1954.0, 1301.0), (1954.0, 1302.0), (1960.0, 1303.0), (1965.0, 1302.0), (1966.0, 1301.0), (1967.0, 1300.0), (1968.0, 1299.0), (1968.0, 1298.0), (1968.0, 1297.0), (1968.0, 1296.0), (1968.0, 1295.0), (1968.0, 1294.0), (1968.0, 1293.0), (1968.0, 1292.0), (1957.0, 1286.0), (1947.0, 1294.0), (1948.0, 1295.0), (1949.0, 1296.0), (1950.0, 1297.0), (1951.0, 1298.0)]
[(1960.0, 1313.0), (1961.0, 1313.0), (1962.0, 1314.0), (1963.0, 1313.0), (1964.0, 1312.0), (1964.0, 1311.0), (1965.0, 1310.0), (1965.0, 1309.0), (1965.0, 1308.0), (1965.0, 1307.0), (1965.0, 1306.0), (1965.0, 1305.0), (1965.0, 1304.0), (1965.0, 1303.0), (1965.0, 1302.0), (1960.0, 1303.0), (1954.0, 1302.0), (1954.0, 1303.0), (1954.0, 1304.0), (1954.0, 1305.0), (1954.0, 1306.0), (1954.0, 1307.0), (1954.0, 1308.0), (1954.0, 1309.0), (1954.0, 1310.0), (1955.0, 1311.0), (1956.0, 1312.0), (1957.0, 1312.0), (1958.0, 1312.0), (1959.0, 1313.0), (1960.0, 1313.0)]
[(1972.0, 1282.0), (1972.0, 1281.0), (1972.0, 1280.0), (1972.0, 1279.0), (1971.0, 1278.0), (1970.0, 1277.0), (1969.0, 1277.0), (1968.0, 1277.0), (1967.0, 1277.0), (1966.0, 1276.0), (1957.0, 1286.0), (1968.0, 1292.0), (1969.0, 1291.0), (1970.0, 1290.0), (1971.0, 1289.0), (1972.0, 1288.0), (1972.0, 1287.0), (1972.0, 1286.0), (1972.0, 1285.0), (1972.0, 1284.0), (1972.0, 1283.0), (1972.0, 1282.0)]
